&FCI NORB=12,
NELEC=2,
MS2=0,
ORBSYM=1,1,1,1,1,1,1,1,1,1,1,1,
ISYM=1,
&END
  0.65413901831964316                1           1           1           1
   4.2908375017629299E-002           2           1           2           1
  0.34286863946224422                2           2           1           1
  0.29579604433675011                2           2           2           2
 -0.13865895938988629                3           1           1           1
  -2.4407889954972971E-002           3           1           2           2
   5.6967997125954843E-002           3           1           3           1
  -3.6845898149030387E-002           3           1           3           3
   2.2596528375680290E-002           3           2           2           1
   3.9896841878069723E-002           3           2           3           2
  0.36693853510642932                3           3           1           1
  0.27246727807264981                3           3           2           2
  -3.6845898149030387E-002           3           3           3           1
  0.28296702697116610                3           3           3           3
  -5.8359259050781827E-002           4           1           2           1
  -8.5689706404390702E-003           4           1           3           2
   9.8707200906093556E-002           4           1           4           1
  -3.7838133392229058E-002           4           1           4           3
 -0.13366510557390751                4           2           1           1
  -4.3745602651001921E-002           4           2           2           2
   3.8195298893162123E-002           4           2           3           1
  -4.5984110968619152E-002           4           2           3           3
   5.2242948115416063E-002           4           2           4           2
  -9.9171823377270929E-002           4           2           4           4
   2.7221740070289220E-002           4           3           2           1
   1.6740260784094178E-002           4           3           3           2
  -3.7838133392229058E-002           4           3           4           1
   2.4119780558058738E-002           4           3           4           3
  0.49865598631358887                4           4           1           1
  0.32188997114781492                4           4           2           2
  -8.1608291757736789E-002           4           4           3           1
  0.31431853175728058                4           4           3           3
  -9.9171823377270929E-002           4           4           4           2
  0.42664458343803852                4           4           4           4
  0.12172278741779290                5           1           5           1
  -3.9304054661413297E-002           5           1           5           3
   1.0178594580830700E-002           5           2           5           2
  -1.9845954282776360E-002           5           2           5           4
  -3.9304054661413297E-002           5           3           5           1
   1.5702845844907769E-002           5           3           5           3
  -1.9845954282776360E-002           5           4           5           2
   4.0926723476131723E-002           5           4           5           4
  0.65885865909547803                5           5           1           1
  0.34270656866828408                5           5           2           2
 -0.13557136341090870                5           5           3           1
  0.36746963722961018                5           5           3           3
 -0.13521570445095621                5           5           4           2
  0.50102218915169761                5           5           4           4
  0.72476589724457852                5           5           5           5
  0.12172278741779299                6           1           6           1
  -3.9304054661413297E-002           6           1           6           3
   1.0178594580830700E-002           6           2           6           2
  -1.9845954282776360E-002           6           2           6           4
  -3.9304054661413297E-002           6           3           6           1
   1.5702845844907769E-002           6           3           6           3
  -1.9845954282776360E-002           6           4           6           2
   4.0926723476131723E-002           6           4           6           4
   3.7135446616914737E-002           6           5           6           5
  0.65885865909547803                6           6           1           1
  0.34270656866828408                6           6           2           2
 -0.13557136341090861                6           6           3           1
  0.36746963722961012                6           6           3           3
 -0.13521570445095621                6           6           4           2
  0.50102218915169683                6           6           4           4
  0.65049500401074911                6           6           5           5
  0.72476589724457841                6           6           6           6
  -9.9076785965918485E-002           7           1           1           1
   7.0597578927549436E-003           7           1           2           2
   5.2377091588672153E-002           7           1           3           1
  -2.6933720224314631E-002           7           1           3           3
   7.2006612573727270E-003           7           1           4           2
  -2.2742632526915021E-002           7           1           4           4
  -8.8107592878185759E-002           7           1           5           5
  -8.8107592878185759E-002           7           1           6           6
   9.8209973873676623E-002           7           1           7           1
  -4.8951264378682198E-002           7           1           7           3
  -8.6382480851593169E-002           7           1           7           7
   2.7581445190101792E-002           7           2           2           1
   1.0117568047723860E-002           7           2           3           2
  -3.7100178561194748E-002           7           2           4           1
   1.0482317914435430E-002           7           2           4           3
   2.9491865594852850E-002           7           2           7           2
  -4.1750646292693601E-002           7           2           7           4
  0.10481384063100810                7           3           1           1
   2.2118621688980239E-002           7           3           2           2
  -4.0060117497258789E-002           7           3           3           1
   3.2769926895550340E-002           7           3           3           3
  -2.4573474163794240E-002           7           3           4           2
   5.4912413962268862E-002           7           3           4           4
  0.10041025366540481                7           3           5           5
  0.10041025366540481                7           3           6           6
  -4.8951264378682198E-002           7           3           7           1
   3.5627404689824393E-002           7           3           7           3
  0.10337745972700160                7           3           7           7
  -4.3291384254556253E-002           7           4           2           1
  -2.6561887734016382E-002           7           4           3           2
   5.1719285285582700E-002           7           4           4           1
  -2.1239924901763501E-002           7           4           4           3
  -4.1750646292693601E-002           7           4           7           2
   6.7920924164658489E-002           7           4           7           4
  -1.1661361114072550E-002           7           5           5           1
   1.0541414510864461E-002           7           5           5           3
   2.9740708924509071E-002           7           5           7           5
  -1.1661361114072550E-002           7           6           6           1
   1.0541414510864461E-002           7           6           6           3
   2.9740708924509071E-002           7           6           7           6
  0.63227580687158369                7           7           1           1
  0.35230577004070412                7           7           2           2
 -0.13233675383136159                7           7           3           1
  0.35909849010837419                7           7           3           3
 -0.13457410642504050                7           7           4           2
  0.49574410979950012                7           7           4           4
  0.62090823079137802                7           7           5           5
  0.62090823079137802                7           7           6           6
  -8.6382480851593169E-002           7           7           7           1
  0.10337745972700160                7           7           7           3
  0.65547325316977434                7           7           7           7
   1.8858033221352329E-002           8           1           5           2
  -3.8913752599332517E-002           8           1           5           4
   1.4018647858697501E-002           8           1           6           2
  -2.8927629310401489E-002           8           1           6           4
   5.7570653591519728E-002           8           1           8           1
  -1.5353105368134201E-002           8           1           8           3
   2.6499854627830409E-002           8           1           8           7
   3.5251050833590647E-002           8           2           5           1
  -9.0581641924984795E-003           8           2           5           3
   2.6204857234296171E-002           8           2           6           1
  -6.7336403839356974E-003           8           2           6           3
   6.9469227378591552E-003           8           2           7           5
   5.1641898399753944E-003           8           2           7           6
   2.3016881108092049E-002           8           2           8           2
  -4.2059722120500111E-002           8           2           8           4
  -4.2331012943708233E-003           8           3           5           2
   1.0377922487192590E-002           8           3           5           4
  -3.1467945622658949E-003           8           3           6           2
   7.7147197242225544E-003           8           3           6           4
  -1.5353105368134201E-002           8           3           8           1
   6.4048970860726053E-003           8           3           8           3
  -2.8679898599321910E-003           8           3           8           7
  -7.0938884398048588E-002           8           4           5           1
   2.0447370820189770E-002           8           4           5           3
  -5.2734409160924062E-002           8           4           6           1
   1.5200126534928800E-002           8           4           6           3
  -8.7293488031261642E-003           8           4           7           5
  -6.4892062427914510E-003           8           4           7           6
  -4.2059722120500111E-002           8           4           8           2
   8.0798829731946492E-002           8           4           8           4
   5.5035218157929028E-002           8           5           2           1
   1.3093134972926900E-002           8           5           3           2
  -9.0322649258390106E-002           8           5           4           1
   3.5183972718170350E-002           8           5           4           3
   3.4658643235005407E-002           8           5           7           2
  -5.1538460436652639E-002           8           5           7           4
  0.11207600812653121                8           5           8           5
   6.7778192027304618E-002           8           5           8           6
   4.0911972851391268E-002           8           6           2           1
   9.7331490721966722E-003           8           6           3           2
  -6.7143874377330978E-002           8           6           4           1
   2.6154992836028131E-002           8           6           4           3
   2.5764474432128839E-002           8           6           7           2
  -3.8312559934552667E-002           8           6           7           4
   6.7778192027304618E-002           8           6           8           5
   7.1284887910339448E-002           8           6           8           6
   1.0884993027292480E-002           8           7           5           2
  -1.8551898513145090E-002           8           7           5           4
   8.0916648307319192E-003           8           7           6           2
  -1.3791074037965060E-002           8           7           6           4
   2.6499854627830409E-002           8           7           8           1
  -2.8679898599321910E-003           8           7           8           3
   2.9656229507450959E-002           8           7           8           7
  0.61156169890678402                8           8           1           1
  0.35022382161482118                8           8           2           2
 -0.11261578970550300                8           8           3           1
  0.35389323493522701                8           8           3           3
 -0.13676822225196830                8           8           4           2
  0.50035735339253529                8           8           4           4
  0.64071841915786221                8           8           5           5
   2.8308669527543202E-002           8           8           6           5
  0.62368134119341501                8           8           6           6
  -3.7089943519802722E-002           8           8           7           1
   7.6514354525968345E-002           8           8           7           3
  0.59011411145066994                8           8           7           7
  0.65426484221931525                8           8           8           8
  -1.4018647858697501E-002           9           1           5           2
   2.8927629310401489E-002           9           1           5           4
   1.8858033221352329E-002           9           1           6           2
  -3.8913752599332517E-002           9           1           6           4
   5.7570653591519742E-002           9           1           9           1
  -1.5353105368134190E-002           9           1           9           3
   2.6499854627830409E-002           9           1           9           7
  -2.6204857234296171E-002           9           2           5           1
   6.7336403839356948E-003           9           2           5           3
   3.5251050833590661E-002           9           2           6           1
  -9.0581641924984760E-003           9           2           6           3
  -5.1641898399753822E-003           9           2           7           5
   6.9469227378591396E-003           9           2           7           6
   2.3016881108092049E-002           9           2           9           2
  -4.2059722120500097E-002           9           2           9           4
   3.1467945622658949E-003           9           3           5           2
  -7.7147197242225570E-003           9           3           5           4
  -4.2331012943708224E-003           9           3           6           2
   1.0377922487192600E-002           9           3           6           4
  -1.5353105368134190E-002           9           3           9           1
   6.4048970860726070E-003           9           3           9           3
  -2.8679898599322010E-003           9           3           9           7
   5.2734409160924062E-002           9           4           5           1
  -1.5200126534928809E-002           9           4           5           3
  -7.0938884398048588E-002           9           4           6           1
   2.0447370820189759E-002           9           4           6           3
   6.4892062427914510E-003           9           4           7           5
  -8.7293488031261659E-003           9           4           7           6
  -4.2059722120500097E-002           9           4           9           2
   8.0798829731946506E-002           9           4           9           4
  -4.0911972851391240E-002           9           5           2           1
  -9.7331490721966809E-003           9           5           3           2
   6.7143874377330978E-002           9           5           4           1
  -2.6154992836028120E-002           9           5           4           3
  -2.5764474432128859E-002           9           5           7           2
   3.8312559934552688E-002           9           5           7           4
  -6.7778192027304562E-002           9           5           8           5
  -2.9484751784019280E-002           9           5           8           6
   7.1284887910339378E-002           9           5           9           5
  -6.7778192027304521E-002           9           5           9           6
   5.5035218157929007E-002           9           6           2           1
   1.3093134972926900E-002           9           6           3           2
  -9.0322649258390120E-002           9           6           4           1
   3.5183972718170350E-002           9           6           4           3
   3.4658643235005407E-002           9           6           7           2
  -5.1538460436652722E-002           9           6           7           4
   7.0275872000210959E-002           9           6           8           5
   6.7778192027304549E-002           9           6           8           6
  -6.7778192027304521E-002           9           6           9           5
  0.11207600812653100                9           6           9           6
  -8.0916648307318984E-003           9           7           5           2
   1.3791074037965100E-002           9           7           5           4
   1.0884993027292450E-002           9           7           6           2
  -1.8551898513145149E-002           9           7           6           4
   2.6499854627830409E-002           9           7           9           1
  -2.8679898599322010E-003           9           7           9           3
   2.9656229507450990E-002           9           7           9           7
  -2.8308669527543160E-002           9           8           5           5
   8.5185389822235533E-003           9           8           6           5
   2.8308669527543160E-002           9           8           6           6
   3.2232496313440571E-002           9           8           9           8
  0.61156169890678402                9           9           1           1
  0.35022382161482041                9           9           2           2
 -0.11261578970550300                9           9           3           1
  0.35389323493522712                9           9           3           3
 -0.13676822225196891                9           9           4           2
  0.50035735339253473                9           9           4           4
  0.62368134119341512                9           9           5           5
  -2.8308669527543202E-002           9           9           6           5
  0.64071841915786221                9           9           6           6
  -3.7089943519802777E-002           9           9           7           1
   7.6514354525968387E-002           9           9           7           3
  0.59011411145066994                9           9           7           7
  0.58979984959243403                9           9           8           8
  0.65426484221931513                9           9           9           9
  -2.6503979163040141E-002          10           1           2           1
   1.0433142748646210E-002          10           1           3           2
   5.7677969098795551E-002          10           1           4           1
  -2.5347136916424130E-002          10           1           4           3
  -1.0887208549890200E-002          10           1           7           2
   1.1719082725316269E-002          10           1           7           4
  -3.9817882194758937E-002          10           1           8           5
  -2.9599739400999830E-002          10           1           8           6
   2.9599739400999820E-002          10           1           9           5
  -3.9817882194758923E-002          10           1           9           6
   6.5423570909617410E-002          10           1          10           1
  -3.0817751676931120E-002          10           1          10           3
  -2.8901409409375360E-003          10           1          10           7
  -2.3196393848402240E-002          10           2           1           1
   5.7705440378248646E-003          10           2           2           2
   1.8835551146424361E-002          10           2           3           1
   2.5643662772740438E-003          10           2           3           3
   7.7559645744636118E-003          10           2           4           2
  -1.6057594174444412E-002          10           2           4           4
  -1.4741353835388740E-002          10           2           5           5
  -1.4741353835388750E-002          10           2           6           6
   1.3003599643445199E-002          10           2           7           1
  -6.3912888912025729E-003          10           2           7           3
  -2.4323062091471181E-002          10           2           7           7
  -1.3725281026691009E-002          10           2           8           8
  -1.3725281026691001E-002          10           2           9           9
   1.8964057726837472E-002          10           2          10           2
  -2.9374679255060061E-002          10           2          10           4
  -2.9396586085275480E-002          10           2          10          10
   2.8921272266296701E-002          10           3           2           1
   6.2042732945860549E-003          10           3           3           2
  -4.6668303438588569E-002          10           3           4           1
   1.8101432808545901E-002          10           3           4           3
   1.6754063539685358E-002          10           3           7           2
  -2.1861457760861659E-002          10           3           7           4
   3.8907405459183510E-002          10           3           8           5
   2.8922910985769521E-002          10           3           8           6
  -2.8922910985769511E-002          10           3           9           5
   3.8907405459183482E-002          10           3           9           6
  -3.0817751676931120E-002          10           3          10           1
   2.6326890369690052E-002          10           3          10           3
   6.7589000445025362E-003          10           3          10           7
  0.13134376764122671               10           4           1           1
   3.3186548100122712E-002          10           4           2           2
  -5.1795260999184432E-002          10           4           3           1
   3.8197461506038317E-002          10           4           3           3
  -4.5642794511014009E-002          10           4           4           2
   9.5127660932355654E-002          10           4           4           4
  0.11461848310941530               10           4           5           5
  0.11461848310941530               10           4           6           6
  -2.7748641740300919E-002          10           4           7           1
   2.8113435826651371E-002          10           4           7           3
  0.13310053938968761               10           4           7           7
  0.11361876532055680               10           4           8           8
  0.11361876532055680               10           4           9           9
  -2.9374679255060061E-002          10           4          10           2
   7.5633643993423649E-002          10           4          10           4
  0.13843527588159410               10           4          10          10
  -1.4124493594367370E-003          10           5           5           2
   5.0051486525061854E-003          10           5           5           4
  -4.8074808004034660E-003          10           5           8           1
   4.4042915621112858E-003          10           5           8           3
   1.3342145734248721E-003          10           5           8           7
   3.5737756762458639E-003          10           5           9           1
  -3.2740536487315991E-003          10           5           9           3
  -9.9182582050013246E-004          10           5           9           7
   1.1631140488484230E-002          10           5          10           5
  -1.4124493594367420E-003          10           6           6           2
   5.0051486525061802E-003          10           6           6           4
  -3.5737756762458609E-003          10           6           8           1
   3.2740536487316260E-003          10           6           8           3
   9.9182582050008064E-004          10           6           8           7
  -4.8074808004034686E-003          10           6           9           1
   4.4042915621112511E-003          10           6           9           3
   1.3342145734249399E-003          10           6           9           7
   1.1631140488484241E-002          10           6          10           6
   5.2606137590561208E-003          10           7           2           1
   5.9280401389354984E-003          10           7           3           2
  -7.7305876196589627E-003          10           7           4           1
   5.9608846117422424E-003          10           7           4           3
  -8.0570987102572354E-003          10           7           7           2
   1.4352725510205531E-002          10           7           7           4
   7.9408303544378327E-003          10           7           8           5
   5.9030389403745623E-003          10           7           8           6
  -5.9030389403746334E-003          10           7           9           5
   7.9408303544379281E-003          10           7           9           6
  -2.8901409409375360E-003          10           7          10           1
   6.7589000445025362E-003          10           7          10           3
   2.6442990775576141E-002          10           7          10           7
  -7.6487998044478102E-004          10           8           5           1
   4.3528934901010674E-003          10           8           5           3
  -5.6859498411965790E-004          10           8           6           1
   3.2358454504709810E-003          10           8           6           3
   3.3711424181091122E-003          10           8           7           5
   2.5060332584142401E-003          10           8           7           6
   4.3739433512509902E-004          10           8           8           2
   3.3229223746480819E-003          10           8           8           4
   1.9231469831795609E-002          10           8          10           8
   5.6859498411965996E-004          10           9           5           1
  -3.2358454504709802E-003          10           9           5           3
  -7.6487998044478362E-004          10           9           6           1
   4.3528934901010648E-003          10           9           6           3
  -2.5060332584142340E-003          10           9           7           5
   3.3711424181091030E-003          10           9           7           6
   4.3739433512495179E-004          10           9           9           2
   3.3229223746479670E-003          10           9           9           4
   1.9231469831795661E-002          10           9          10           9
  0.57491592630639521               10          10           1           1
  0.34084408491088669               10          10           2           2
 -0.10753264740722150               10          10           3           1
  0.34221647650411452               10          10           3           3
 -0.12418239916984609               10          10           4           2
  0.47640302353831609               10          10           4           4
  0.55955223091650486               10          10           5           5
  0.55955223091650497               10          10           6           6
  -4.4239475511715753E-002          10          10           7           1
   7.2905328220261620E-002          10          10           7           3
  0.56627539481574640               10          10           7           7
  0.55472909279603344               10          10           8           8
  0.55472909279603322               10          10           9           9
  -2.9396586085275480E-002          10          10          10           2
  0.13843527588159410               10          10          10           4
  0.57006369603725426               10          10          10          10
   4.8952479963032938E-002          11           1           1           1
   1.7003496723129369E-002          11           1           2           2
  -2.6710051363652561E-002          11           1           3           1
   9.9626602099642959E-003          11           1           3           3
  -2.3486323000881871E-002          11           1           4           2
   4.9654312674965548E-002          11           1           4           4
   1.7544160789488780E-002          11           1           5           5
   1.7544160789488780E-002          11           1           6           6
  -7.9217170546968130E-003          11           1           7           1
   1.0190071602151411E-002          11           1           7           3
   6.4875790424525875E-002          11           1           7           7
   4.0719132582309622E-002          11           1           8           8
   4.0719132582309629E-002          11           1           9           9
  -2.7339464981145589E-002          11           1          10           2
   6.0137406805352622E-002          11           1          10           4
   8.7388212017294381E-002          11           1          10          10
   7.4593872467666661E-002          11           1          11           1
  -3.0613035713005061E-002          11           1          11           3
  -2.5176730519429740E-003          11           1          11           7
   8.4665112428414804E-002          11           1          11          11
   2.0110488742480000E-002          11           2           2           1
   5.2913143817709318E-003          11           2           3           2
  -3.1816391148318947E-002          11           2           4           1
   1.6370519000417218E-002          11           2           4           3
   1.1770909894202510E-002          11           2           7           2
  -1.8708289716015781E-002          11           2           7           4
   2.4062396140803879E-002          11           2           8           5
   1.7887456988487649E-002          11           2           8           6
  -1.7887456988487649E-002          11           2           9           5
   2.4062396140803879E-002          11           2           9           6
  -2.9024284281895539E-002          11           2          10           1
   1.6620886593374219E-002          11           2          10           3
  -1.3287151469065180E-003          11           2          10           7
   1.6572424902995559E-002          11           2          11           2
  -2.9838623121480692E-002          11           2          11           4
  -5.1245071582672719E-002          11           2          11          10
  -6.3586543037617654E-002          11           3           1           1
  -2.0563294357322310E-002          11           3           2           2
   2.1365882627469589E-002          11           3           3           1
  -2.0697037252527761E-002          11           3           3           3
   2.3187489382274100E-002          11           3           4           2
  -4.8877342052699002E-002          11           3           4           4
  -5.2832249301828303E-002          11           3           5           5
  -5.2832249301828289E-002          11           3           6           6
   8.9901569231060907E-003          11           3           7           1
  -1.3054126724464410E-002          11           3           7           3
  -6.3648351770555708E-002          11           3           7           7
  -5.8268852684638932E-002          11           3           8           8
  -5.8268852684638953E-002          11           3           9           9
   1.0782065837135500E-002          11           3          10           2
  -3.3641447346881653E-002          11           3          10           4
  -7.3048832113151232E-002          11           3          10          10
  -3.0613035713005061E-002          11           3          11           1
   1.9150284181870040E-002          11           3          11           3
   1.9139126580574640E-003          11           3          11           7
  -8.1386697634736799E-002          11           3          11          11
  -3.2269055002860217E-002          11           4           2           1
   5.7097866639968086E-003          11           4           3           2
   6.1610517357403048E-002          11           4           4           1
  -2.4072996944431001E-002          11           4           4           3
  -2.0741857095068442E-002          11           4           7           2
   2.6102634756935680E-002          11           4           7           4
  -4.3628929273233127E-002          11           4           8           5
  -3.2432788125590861E-002          11           4           8           6
   3.2432788125590889E-002          11           4           9           5
  -4.3628929273233162E-002          11           4           9           6
   6.0845992902392017E-002          11           4          10           1
  -3.3667688475931122E-002          11           4          10           3
   2.1316298536779451E-003          11           4          10           7
  -2.9838623121480692E-002          11           4          11           2
   6.2359667466963691E-002          11           4          11           4
   9.9859001757694119E-002          11           4          11          10
  -4.7940252207217288E-002          11           5           5           1
   1.2709814554804110E-002          11           5           5           3
   9.6062175309910621E-003          11           5           7           5
  -9.1678937118816351E-003          11           5           8           2
   1.8261776871582779E-002          11           5           8           4
   6.8152108994757373E-003          11           5           9           2
  -1.3575403979401129E-002          11           5           9           4
  -1.3501809937595191E-002          11           5          10           8
   1.0036949068256839E-002          11           5          10           9
   4.4008791165589423E-002          11           5          11           5
  -4.7940252207217288E-002          11           6           6           1
   1.2709814554804090E-002          11           6           6           3
   9.6062175309910638E-003          11           6           7           6
  -6.8152108994757252E-003          11           6           8           2
   1.3575403979401140E-002          11           6           8           4
  -9.1678937118816525E-003          11           6           9           2
   1.8261776871582772E-002          11           6           9           4
  -1.0036949068256850E-002          11           6          10           8
  -1.3501809937595160E-002          11           6          10           9
   4.4008791165589423E-002          11           6          11           6
   1.0501384950404950E-002          11           7           1           1
   1.3818300755560691E-002          11           7           2           2
   3.9638234587816697E-005          11           7           3           1
   2.6802818552314729E-003          11           7           3           3
  -1.1378959576622270E-002          11           7           4           2
   2.0837856328001308E-002          11           7           4           4
   1.9132650173555699E-002          11           7           5           5
   1.9132650173555699E-002          11           7           6           6
   2.4131811556468381E-002          11           7           7           1
  -6.2203083276506166E-003          11           7           7           3
   2.1961020117998751E-002          11           7           7           7
   2.5096230077755570E-002          11           7           8           8
   2.5096230077755469E-002          11           7           9           9
  -2.4145276363289731E-003          11           7          10           2
   7.2821566549102533E-003          11           7          10           4
   1.4150283479913921E-002          11           7          10          10
  -2.5176730519429740E-003          11           7          11           1
   1.9139126580574640E-003          11           7          11           3
   2.7019587960235070E-002          11           7          11           7
   9.4359960370487238E-003          11           7          11          11
   2.0761529659098269E-003          11           8           5           2
  -4.3809652633731910E-003          11           8           5           4
   1.5433665318250571E-003          11           8           6           2
  -3.2567133903909050E-003          11           8           6           4
   6.3520040583968096E-003          11           8           8           1
  -4.2685074823513511E-003          11           8           8           3
   4.2427280303853404E-003          11           8           8           7
  -9.6859309161804324E-003          11           8          10           5
  -7.2003083833716694E-003          11           8          10           6
   1.5421422351654000E-002          11           8          11           8
  -1.5433665318250441E-003          11           9           5           2
   3.2567133903909171E-003          11           9           5           4
   2.0761529659098100E-003          11           9           6           2
  -4.3809652633732066E-003          11           9           6           4
   6.3520040583968096E-003          11           9           9           1
  -4.2685074823513598E-003          11           9           9           3
   4.2427280303853421E-003          11           9           9           7
   7.2003083833716702E-003          11           9          10           5
  -9.6859309161804324E-003          11           9          10           6
   1.5421422351654000E-002          11           9          11           9
  -7.3516475460122271E-002          11          10           2           1
  -1.0312305336410560E-002          11          10           3           2
  0.12506122348346729               11          10           4           1
  -5.3266391916680630E-002          11          10           4           3
  -4.0195402505455037E-002          11          10           7           2
   5.7453723685396627E-002          11          10           7           4
 -0.10152065122142720               11          10           8           5
  -7.5468223178619329E-002          11          10           8           6
   7.5468223178619301E-002          11          10           9           5
 -0.10152065122142720               11          10           9           6
   9.6357360812172541E-002          11          10          10           1
  -6.6374787700352697E-002          11          10          10           3
  -1.0640400479980420E-002          11          10          10           7
  -5.1245071582672719E-002          11          10          11           2
   9.9859001757694119E-002          11          10          11           4
  0.19251979698314700               11          10          11          10
  0.66300839353792529               11          11           1           1
  0.34569045738358423               11          11           2           2
 -0.14187956575727989               11          11           3           1
  0.36671004507140859               11          11           3           3
 -0.14365200118141280               11          11           4           2
  0.51710694221090314               11          11           4           4
  0.65596236737183267               11          11           5           5
  0.65596236737183256               11          11           6           6
  -8.3462627009870380E-002          11          11           7           1
   9.7176873078683917E-002          11          11           7           3
  0.63203044066084846               11          11           7           7
  0.61934787407215375               11          11           8           8
  0.61934787407215330               11          11           9           9
  -3.9375508839387063E-002          11          11          10           2
  0.16339046357154199               11          11          10           4
  0.62690841057786795               11          11          10          10
   8.4665112428414804E-002          11          11          11           1
  -8.1386697634736799E-002          11          11          11           3
   9.4359960370487238E-003          11          11          11           7
  0.72547122740187930               11          11          11          11
  -1.2166232628623919E-002          12           1           2           1
   7.6541721312077052E-003          12           1           3           2
   3.4975787184957738E-002          12           1           4           1
  -1.7485710812454432E-002          12           1           4           3
   1.2817682213434180E-002          12           1           7           2
  -2.4561536242739161E-002          12           1           7           4
  -2.8856252118407390E-002          12           1           8           5
  -2.1451104270604190E-002          12           1           8           6
   2.1451104270604211E-002          12           1           9           5
  -2.8856252118407411E-002          12           1           9           6
   3.6693784680166840E-002          12           1          10           1
  -2.0720786484442338E-002          12           1          10           3
  -3.1275759253616843E-002          12           1          10           7
  -9.4771319051166428E-003          12           1          11           2
   2.4098117305376771E-002          12           1          11           4
   5.5118581683578950E-002          12           1          11          10
   6.4199085406226861E-002          12           1          12           1
  -2.9204228253961410E-002          12           1          12           3
  -3.2129143263657733E-002          12           1          12           7
   5.6695380783922222E-002          12           1          12          11
  -1.2778337175117520E-002          12           2           1           1
   1.0338646442856630E-002          12           2           2           2
   8.6495345743264757E-003          12           2           3           1
  -5.1024531506221639E-003          12           2           3           3
  -6.7450691170146100E-003          12           2           4           2
   7.8725095738510185E-003          12           2           4           4
  -1.1927824651616070E-002          12           2           5           5
  -1.1927824651616060E-002          12           2           6           6
   2.9866007420381979E-002          12           2           7           1
  -9.6857991481325602E-003          12           2           7           3
   7.1143365883783137E-003          12           2           7           7
   3.6612997905589978E-003          12           2           8           8
   3.6612997905589801E-003          12           2           9           9
   3.1102974676687370E-004          12           2          10           2
   6.9817266279374669E-004          12           2          10           4
   7.1110855784116238E-004          12           2          10          10
   3.3455085791263030E-003          12           2          11           1
   8.4310477146692562E-004          12           2          11           3
   1.7149663057629320E-002          12           2          11           7
  -1.1521333128750420E-002          12           2          11          11
   1.8601437468344799E-002          12           2          12           2
  -3.0860260422533470E-002          12           2          12           4
  -2.6080751055082261E-002          12           2          12          10
   7.5896475744501564E-003          12           2          12          12
   8.0076697567578198E-003          12           3           2           1
  -7.3849862283194246E-003          12           3           3           2
  -2.2615668579883640E-002          12           3           4           1
   9.1521171460545551E-003          12           3           4           3
  -1.5537636815669809E-003          12           3           7           2
   7.3977839755431946E-003          12           3           7           4
   1.7233992442876191E-002          12           3           8           5
   1.2811371600649340E-002          12           3           8           6
  -1.2811371600649371E-002          12           3           9           5
   1.7233992442876229E-002          12           3           9           6
  -2.4244506571333039E-002          12           3          10           1
   1.1714923003798360E-002          12           3          10           3
   1.2512318721198019E-002          12           3          10           7
   7.6565073714413671E-003          12           3          11           2
  -1.8514480812578862E-002          12           3          11           4
  -3.3276612830913897E-002          12           3          11          10
  -2.9204228253961410E-002          12           3          12           1
   1.6196226336773901E-002          12           3          12           3
   2.7502606853462029E-002          12           3          12           7
  -2.6954419268631021E-002          12           3          12          11
   7.3851708144388795E-002          12           4           1           1
  -7.9480972450906157E-003          12           4           2           2
  -3.6030076193593448E-002          12           4           3           1
   2.0445811285149960E-002          12           4           3           3
  -6.4974051123716809E-003          12           4           4           2
   1.9788810464046971E-002          12           4           4           4
   7.0367786331149540E-002          12           4           5           5
   7.0367786331149582E-002          12           4           6           6
  -6.5684483134699448E-002          12           4           7           1
   3.1097128734774802E-002          12           4           7           3
   4.1563141690775157E-002          12           4           7           7
   3.8239915318743108E-002          12           4           8           8
   3.8239915318743142E-002          12           4           9           9
  -8.3120123037068051E-003          12           4          10           2
   2.0168762640366510E-002          12           4          10           4
   4.1931293901155103E-002          12           4          10          10
   7.3842543668744516E-003          12           4          11           1
  -1.0890595916749559E-002          12           4          11           3
  -2.8231622741608162E-002          12           4          11           7
   7.5085748495116733E-002          12           4          11          11
  -3.0860260422533470E-002          12           4          12           2
   6.2149955441436068E-002          12           4          12           4
   6.1470657390887522E-002          12           4          12          10
   5.1213234831390383E-002          12           4          12          12
  -3.8472458536641298E-003          12           5           5           2
   1.2003498848986480E-002          12           5           5           4
  -1.2190229452621810E-002          12           5           8           1
   5.6541389539412250E-003          12           5           8           3
   7.0481832144712224E-003          12           5           8           7
   9.0619489321682855E-003          12           5           9           1
  -4.2031627587599948E-003          12           5           9           3
  -5.2394646550616370E-003          12           5           9           7
   3.2843568768496250E-003          12           5          10           5
   1.5889176727794279E-003          12           5          11           8
  -1.1811665124195070E-003          12           5          11           9
   1.8960644803439172E-002          12           5          12           5
  -3.8472458536641199E-003          12           6           6           2
   1.2003498848986500E-002          12           6           6           4
  -9.0619489321682838E-003          12           6           8           1
   4.2031627587599592E-003          12           6           8           3
   5.2394646550616864E-003          12           6           8           7
  -1.2190229452621810E-002          12           6           9           1
   5.6541389539412762E-003          12           6           9           3
   7.0481832144711556E-003          12           6           9           7
   3.2843568768495938E-003          12           6          10           6
   1.1811665124195070E-003          12           6          11           8
   1.5889176727794309E-003          12           6          11           9
   1.8960644803439178E-002          12           6          12           6
   7.1666676233115220E-002          12           7           2           1
   1.7061538780567469E-002          12           7           3           2
 -0.11239089142315710               12           7           4           1
   4.6391136747744220E-002          12           7           4           3
   5.0374796221746912E-002          12           7           7           2
  -6.8058982747389599E-002          12           7           7           4
   9.3090539787332185E-002          12           7           8           5
   6.9201463426051518E-002          12           7           8           6
  -6.9201463426051477E-002          12           7           9           5
   9.3090539787332116E-002          12           7           9           6
  -7.5494933811692810E-002          12           7          10           1
   5.5880054579575823E-002          12           7          10           3
   6.1179015032404383E-003          12           7          10           7
   4.3943016934564941E-002          12           7          11           2
  -8.0638452353980108E-002          12           7          11           4
 -0.14913160720301710               12           7          11          10
  -3.2129143263657733E-002          12           7          12           1
   2.7502606853462029E-002          12           7          12           3
  0.16494737166086640               12           7          12           7
  -1.7900715105656152E-002          12           7          12          11
  -2.3749578972249080E-002          12           8           5           1
   9.9738225399698260E-003          12           8           5           3
  -1.7654915573449781E-002          12           8           6           1
   7.4143206956844123E-003          12           8           6           3
   1.4513576058600999E-002          12           8           7           5
   1.0789073788754291E-002          12           8           7           6
  -2.8630218747770172E-003          12           8           8           2
   1.1276986247649870E-002          12           8           8           4
   2.3907829670077681E-004          12           8          10           8
   1.2235471431243530E-002          12           8          11           5
   9.0955808257641955E-003          12           8          11           6
   2.4426351483836130E-002          12           8          12           8
   1.7654915573449770E-002          12           9           5           1
  -7.4143206956844079E-003          12           9           5           3
  -2.3749578972249070E-002          12           9           6           1
   9.9738225399698191E-003          12           9           6           3
  -1.0789073788754299E-002          12           9           7           5
   1.4513576058601010E-002          12           9           7           6
  -2.8630218747768750E-003          12           9           9           2
   1.1276986247649910E-002          12           9           9           4
   2.3907829670082880E-004          12           9          10           9
  -9.0955808257641730E-003          12           9          11           5
   1.2235471431243500E-002          12           9          11           6
   2.4426351483836050E-002          12           9          12           9
   9.5703833041533612E-002          12          10           1           1
   6.1086268630322601E-003          12          10           2           2
  -4.6366876912193163E-002          12          10           3           1
   2.5742802886405000E-002          12          10           3           3
  -1.7174571184815791E-002          12          10           4           2
   4.2530980295422488E-002          12          10           4           4
   7.7767548306172884E-002          12          10           5           5
   7.7767548306172843E-002          12          10           6           6
  -6.8822065969004836E-002          12          10           7           1
   3.8109370829405770E-002          12          10           7           3
   7.8658993882504372E-002          12          10           7           7
   5.5310934913042002E-002          12          10           8           8
   5.5310934913042543E-002          12          10           9           9
  -1.6463768360705500E-002          12          10          10           2
   4.1731148201704718E-002          12          10          10           4
   7.7002339598246844E-002          12          10          10          10
   3.7599848207782220E-002          12          10          11           1
  -2.2738767133045849E-002          12          10          11           3
  -3.1252578251400327E-002          12          10          11           7
  0.10916525474310540               12          10          11          11
  -2.6080751055082261E-002          12          10          12           2
   6.1470657390887522E-002          12          10          12           4
   8.1460546451386798E-002          12          10          12          10
  0.10517741699648460               12          10          12          12
  -1.3682110299853330E-003          12          11           2           1
   1.1790671595688871E-002          12          11           3           2
   1.6677950432373311E-002          12          11           4           1
  -1.0322341890901770E-002          12          11           4           3
   1.8023811934464191E-002          12          11           7           2
  -3.3117376340994417E-002          12          11           7           4
  -3.9966491425376723E-003          12          11           8           5
  -2.9710212240247132E-003          12          11           8           6
   2.9710212240247921E-003          12          11           9           5
  -3.9966491425377781E-003          12          11           9           6
   3.8520511813059807E-002          12          11          10           1
  -1.5647854998585582E-002          12          11          10           3
  -3.0984215391055829E-002          12          11          10           7
  -9.9715036615217762E-003          12          11          11           2
   2.7553897864843541E-002          12          11          11           4
   4.7169673557867393E-002          12          11          11          10
   5.6695380783922222E-002          12          11          12           1
  -2.6954419268631021E-002          12          11          12           3
  -1.7900715105656152E-002          12          11          12           7
   7.1595784910782390E-002          12          11          12          11
  0.67191147269456142               12          12           1           1
  0.36682639297525421               12          12           2           2
 -0.14680577911693241               12          12           3           1
  0.36963799525999969               12          12           3           3
 -0.15325806913119999               12          12           4           2
  0.53517544152473084               12          12           4           4
  0.64901049249924148               12          12           5           5
  0.64901049249924159               12          12           6           6
  -8.1490755198280362E-002          12          12           7           1
  0.10550686270606791               12          12           7           3
  0.68824845163696124               12          12           7           7
  0.62888900625053312               12          12           8           8
  0.62888900625053179               12          12           9           9
  -4.0789713153652991E-002          12          12          10           2
  0.17195769881742479               12          12          10           4
  0.63469940868545427               12          12          10          10
  0.10666650764210731               12          12          11           1
  -8.5066372946566035E-002          12          12          11           3
   1.6210963222404260E-002          12          12          11           7
  0.71067543733563709               12          12          11          11
   7.5896475744501564E-003          12          12          12           2
   5.1213234831390383E-002          12          12          12           4
  0.10517741699648460               12          12          12          10
  0.77348306822296387               12          12          12          12
  -1.2453913959084351                1           1           0           0
 -0.47745562462465868                2           2           0           0
  0.13865900604264339                3           1           0           0
 -0.36774233730133910                3           3           0           0
  0.20897091437963661                4           2           0           0
 -0.25454819905769649                4           4           0           0
  0.22323678588640880                5           5           0           0
  0.22323678588640880                6           6           0           0
   9.9076784038709592E-002           7           1           0           0
 -0.15725056538078980                7           3           0           0
  0.71637045555974754                7           7           0           0
   1.0467393356839580                8           8           0           0
   1.0467393356839580                9           9           0           0
   1.9888797451785390E-002          10           2           0           0
 -0.20500952754827920               10           4           0           0
   1.2038008582209800               10          10           0           0
  -4.8952482790029582E-002          11           1           0           0
  0.10046302127524710               11           3           0           0
  -2.8924481078163769E-002          11           7           0           0
   1.5020308983207931               11          11           0           0
   1.3390436244002780E-002          12           2           0           0
 -0.11272759906291920               12           4           0           0
 -0.15471383954147361               12          10           0           0
   2.4588251597835300               12          12           0           0
  0.70426868943687226                0           0           0           0
