0.9622326473619476 0.0 0 0 1 1 1 1 1 0 1 1 
-0.1797268981910703 0.0 0 0 1 1 1 0 1 1 1 1 
-0.14893223567852273 0.0 1 1 0 0 1 1 1 0 1 1 
-0.09175903609134967 0.0 1 0 1 1 1 1 0 0 1 1 
-0.08559294034079784 0.0 0 0 1 0 1 1 1 1 1 1 
0.03402148867354561 0.0 1 0 0 0 1 1 1 1 1 1 
0.028763281466851604 0.0 1 1 0 0 1 0 1 1 1 1 
0.02485612211350004 0.0 1 0 1 1 0 1 1 0 1 1 
0.022540410096999152 0.0 0 0 1 1 1 1 1 1 1 0 
-0.015495815541756972 0.0 0 1 1 1 1 0 1 0 1 1 
-0.013204660238515555 0.0 0 1 1 0 1 1 1 0 1 1 
0.010365147376531669 0.0 1 0 1 0 1 1 0 1 1 1 
-0.009360306494742336 0.0 1 0 1 1 1 0 0 1 1 1 
0.005671849454801779 0.0 1 1 0 1 1 0 1 0 1 1 
-0.005201674397699781 0.0 1 1 1 0 1 1 0 0 1 1 
-0.004740066204972773 0.0 1 0 1 1 0 0 1 1 1 1 
-0.004062227410313068 0.0 1 0 1 1 1 1 1 1 0 0 
-0.003694587839175835 0.0 0 1 1 0 1 0 1 1 1 1 
-0.003677093153997202 0.0 1 1 1 0 0 1 1 0 1 1 
0.0031957776980747095 0.0 1 1 1 1 1 0 0 0 1 1 
0.0030433768094481227 0.0 1 0 0 1 1 0 1 1 1 1 
0.0028395109649658667 0.0 1 0 0 1 1 1 1 0 1 1 
-0.0019947564068055834 0.0 1 1 1 0 1 0 0 1 1 1 
-0.001669227033664983 0.0 1 0 1 1 1 1 0 1 1 0 
